[
    {
        "key": "45",
        "text": "伸出你的右手是气武魂，领刀可以当做武器，勉强你的武魂是镰刀。",
        "timestamp": [
            [
                70,
                250
            ],
            [
                250,
                430
            ],
            [
                430,
                530
            ],
            [
                530,
                610
            ],
            [
                610,
                750
            ],
            [
                750,
                1105
            ],
            [
                12640,
                12880
            ],
            [
                13020,
                13260
            ],
            [
                13460,
                13660
            ],
            [
                13660,
                14105
            ],
            [
                20040,
                20280
            ],
            [
                20300,
                20480
            ],
            [
                20480,
                20580
            ],
            [
                20580,
                20700
            ],
            [
                20700,
                20860
            ],
            [
                20860,
                21040
            ],
            [
                21040,
                21200
            ],
            [
                21200,
                21555
            ],
            [
                22690,
                22910
            ],
            [
                22910,
                23110
            ],
            [
                23110,
                23290
            ],
            [
                23290,
                23615
            ],
            [
                25300,
                25520
            ],
            [
                25520,
                25640
            ],
            [
                25640,
                25740
            ],
            [
                25740,
                25980
            ],
            [
                26260,
                26480
            ],
            [
                26480,
                26660
            ],
            [
                26660,
                26835
            ]
        ]
    }
]